rose.png
size:512,256
filter:Linear,Linear
pma:true
scale:0.2
1
bounds:98,126,157,69
10
bounds:367,149,8,12
11
bounds:449,13,27,28
12
bounds:435,168,12,7
13
bounds:257,189,9,6
14
bounds:486,173,12,7
15
bounds:500,172,9,6
16
bounds:98,72,51,52
17
bounds:106,44,56,30
18
bounds:349,11,22,32
19
bounds:432,41,53,20
2
bounds:364,131,15,14
20
bounds:177,105,26,19
21
bounds:2,22,41,22
22
bounds:319,20,31,15
23
bounds:408,22,42,70
offsets:0,0,45,70
24
bounds:476,138,34,31
25
bounds:210,55,37,36
26
bounds:150,59,35,65
27a
bounds:181,84,75,40
28
bounds:433,63,77,70
29
bounds:187,58,20,27
3
bounds:157,16,26,14
30
bounds:70,19,22,25
31
bounds:266,70,102,60
32
bounds:98,25,33,34
33
bounds:482,18,28,37
34
bounds:370,118,116,77
35
bounds:252,36,38,61
36
bounds:132,17,27,28
37
bounds:432,177,15,18
38
bounds:45,20,23,24
39
bounds:2,46,94,149
4
bounds:165,31,58,22
40
bounds:282,2,16,40
41
bounds:319,43,28,32
42
bounds:375,113,15,16
43
bounds:297,20,20,51
44
bounds:257,123,113,72
45
bounds:222,26,34,19
46
bounds:349,45,43,20
5
bounds:379,12,30,34
6
bounds:94,13,15,22
7
bounds:257,119,15,21
8
bounds:361,67,59,60
9
bounds:487,180,22,15
